# Created by Octave 5.1.0, Wed Feb 27 15:36:29 2019 GMT <unknown@Montufar-HP>
# name: var1
# type: scalar
7


# name: var2
# type: scalar
3


# name: var3
# type: scalar
2000


